,,,,,,,,,,,,,,,,,,,,,,,,,,,,,,,,,,,,,,,,,,,,,,,,,,,,,,,,,,,,,,,,,,,,,,,
58.35865999999999,,,,,,,,,,,,,,,,,,,,,,,,,,,,,,,,,,,,,,,,,,,,,,,,,,,,,,,,,,,,,,,,,,,,,,,
58.387737000000016,50.92911233333333,,,,,,,,,,,,,,,,,,,,,,,,,,,,,,,,,,,,,,,,,,,,,,,,,,,,,,,,,,,,,,,,,,,,,,
63.754177000000006,58.187491333333334,58.18561433333333,,,,,,,,,,,,,,,,,,,,,,,,,,,,,,,,,,,,,,,,,,,,,,,,,,,,,,,,,,,,,,,,,,,,,
63.69501966666667,58.538115999999995,58.51508666666667,59.65130133333332,,,,,,,,,,,,,,,,,,,,,,,,,,,,,,,,,,,,,,,,,,,,,,,,,,,,,,,,,,,,,,,,,,,,
65.11803,59.94139266666668,59.932933999999996,63.32730733333332,63.51137133333334,,,,,,,,,,,,,,,,,,,,,,,,,,,,,,,,,,,,,,,,,,,,,,,,,,,,,,,,,,,,,,,,,,,
65.14646766666668,59.94983,59.959451333333334,63.33970200000001,63.54667800000001,60.50200166666668,,,,,,,,,,,,,,,,,,,,,,,,,,,,,,,,,,,,,,,,,,,,,,,,,,,,,,,,,,,,,,,,,,
68.72728366666666,63.107893666666676,63.120447999999975,66.532464,66.706395,65.70563633333333,65.76806833333332,,,,,,,,,,,,,,,,,,,,,,,,,,,,,,,,,,,,,,,,,,,,,,,,,,,,,,,,,,,,,,,,,
68.83553966666666,63.35866733333334,63.348192666666655,66.73985633333331,66.91645400000002,65.94569000000001,65.980218,64.402093,,,,,,,,,,,,,,,,,,,,,,,,,,,,,,,,,,,,,,,,,,,,,,,,,,,,,,,,,,,,,,,,
66.64102966666667,63.07863499999999,63.062666666666665,68.45943233333335,68.55791800000002,70.15351500000001,70.150539,73.51135500000001,73.52402666666666,,,,,,,,,,,,,,,,,,,,,,,,,,,,,,,,,,,,,,,,,,,,,,,,,,,,,,,,,,,,,,,
61.650814000000004,61.11120799999999,61.124733333333324,66.15633533333335,66.19845833333333,68.10775166666667,68.07351166666668,71.30411933333333,71.28639133333334,61.48141666666664,,,,,,,,,,,,,,,,,,,,,,,,,,,,,,,,,,,,,,,,,,,,,,,,,,,,,,,,,,,,,,
61.42452,60.63886566666668,60.588209666666664,65.70467633333332,65.74272433333333,67.694578,67.67265766666667,70.85264133333331,70.77450766666666,61.41177366666668,55.681866333333346,,,,,,,,,,,,,,,,,,,,,,,,,,,,,,,,,,,,,,,,,,,,,,,,,,,,,,,,,,,,,
61.447464333333336,53.920029,53.912167333333336,61.264498999999994,61.432947,62.95205333333334,62.968319999999984,66.331429,66.44556233333333,59.37381833333333,57.70233866666667,57.454274333333345,,,,,,,,,,,,,,,,,,,,,,,,,,,,,,,,,,,,,,,,,,,,,,,,,,,,,,,,,,,,
61.43194433333333,53.85639133333333,53.83711666666667,61.20174666666666,61.433747000000004,62.92726400000001,62.925951999999995,66.27061866666666,66.01243133333334,59.337210666666664,57.70445066666666,57.408343333333335,50.02150533333333,,,,,,,,,,,,,,,,,,,,,,,,,,,,,,,,,,,,,,,,,,,,,,,,,,,,,,,,,,,
65.05146999999998,59.56460266666667,59.54579766666668,60.84969266666667,61.07080266666665,64.82063199999999,64.84909099999999,67.96479700000002,68.11862133333335,62.975925333333336,60.945820999999995,60.62713233333332,55.608725,55.601418,,,,,,,,,,,,,,,,,,,,,,,,,,,,,,,,,,,,,,,,,,,,,,,,,,,,,,,,,,
68.42960833333335,62.91434666666667,62.911370666666684,66.280069,66.44232,63.34480066666668,63.359648666666665,68.77158233333333,68.822921,66.319781,64.09535100000001,63.74421433333332,58.94062333333334,58.95299633333333,60.82882899999999,,,,,,,,,,,,,,,,,,,,,,,,,,,,,,,,,,,,,,,,,,,,,,,,,,,,,,,,,
68.480147,63.18564300000002,63.18434166666666,66.50194666666665,66.68411233333333,63.64162233333334,63.64791566666668,68.89951833333333,69.06100133333335,66.37362666666667,64.05974566666667,63.747958666666676,59.23028733333334,59.283984,61.09337299999998,59.63060833333334,,,,,,,,,,,,,,,,,,,,,,,,,,,,,,,,,,,,,,,,,,,,,,,,,,,,,,,,
70.02939766666667,64.55690899999999,64.543885,67.98710100000001,68.180957,67.250321,67.29565466666666,65.77360433333334,65.87323133333334,67.986013,65.88644699999999,65.56459066666666,60.66588466666667,60.69671100000001,62.59125299999999,63.20570700000001,63.52210233333333,,,,,,,,,,,,,,,,,,,,,,,,,,,,,,,,,,,,,,,,,,,,,,,,,,,,,,,
70.14659233333333,64.69465866666667,64.69032799999998,68.069309,68.279347,67.37913166666667,67.41704166666666,65.74851633333333,65.98485766666666,68.08896766666668,66.00710833333332,65.73490566666666,60.66013499999998,60.70049766666667,62.66405266666667,63.20732833333333,63.59564899999999,60.43420433333334,,,,,,,,,,,,,,,,,,,,,,,,,,,,,,,,,,,,,,,,,,,,,,,,,,,,,,
73.41939733333334,67.87274333333335,67.85513266666666,71.26135666666666,71.40691433333335,70.453089,70.486539,70.88165466666669,71.24492966666665,71.32255133333334,69.48540700000001,69.09110266666667,63.98206,63.96956933333333,65.81311399999998,66.38534899999999,66.75611266666665,65.82901766666667,65.83048966666668,,,,,,,,,,,,,,,,,,,,,,,,,,,,,,,,,,,,,,,,,,,,,,,,,,,,,
66.04971133333333,62.713343666666674,62.73624500000002,68.12773066666668,68.00995966666666,69.89638399999997,69.89467733333335,73.27564233333334,73.23972733333332,61.44426433333334,62.548874333333345,62.588980666666686,61.621406000000015,61.664125999999996,64.911299,68.20643999999999,68.18567199999998,69.822997,69.99092266666666,73.25083166666666,,,,,,,,,,,,,,,,,,,,,,,,,,,,,,,,,,,,,,,,,,,,,,,,,,,,
66.05099133333334,62.69817566666667,62.678047666666664,68.06042366666667,67.935549,69.69891166666666,69.62732733333333,73.16832500000001,73.13461833333334,61.33962433333334,62.51330066666665,62.54853266666667,61.43305366666666,61.43049366666667,64.67839199999999,68.09152800000001,67.96343166666665,69.55514600000001,69.75487966666665,73.20853833333332,55.74771166666667,,,,,,,,,,,,,,,,,,,,,,,,,,,,,,,,,,,,,,,,,,,,,,,,,,,
62.180958666666676,60.61649800000001,60.66675900000002,65.97492733333334,66.05238833333333,67.69629533333335,67.66649266666666,71.023639,71.03776166666668,64.26643433333334,58.933028666666665,58.94395133333333,58.90099633333334,58.924506,62.56695399999998,65.97427666666668,66.05565266666666,67.64574599999999,67.67200700000001,71.03172433333333,58.966457666666685,58.93417,,,,,,,,,,,,,,,,,,,,,,,,,,,,,,,,,,,,,,,,,,,,,,,,,,
62.039176999999995,60.56763366666667,60.58468966666666,65.91013799999998,66.02339666666668,67.652434,67.64492433333332,70.99240666666665,70.99704700000001,64.321506,58.92510299999999,58.91668733333332,58.946073666666685,58.91780733333333,62.513087333333324,65.912975,66.04420733333333,67.60427366666667,67.63651899999998,71.01495633333333,58.96181800000001,58.92409,55.02787033333334,,,,,,,,,,,,,,,,,,,,,,,,,,,,,,,,,,,,,,,,,,,,,,,,,
60.50700433333334,53.07976099999999,53.07327566666667,60.29930233333332,60.53290300000002,62.098782666666665,62.08137466666667,65.29940633333332,65.16113433333335,60.562374999999996,58.54323566666666,58.30553966666666,51.36960366666666,51.258915666666674,56.94633733333336,60.09200633333332,60.501639000000004,62.03075066666665,62.08455333333334,65.39044633333334,56.130453666666675,56.09250133333334,53.37416133333333,53.12472133333333,,,,,,,,,,,,,,,,,,,,,,,,,,,,,,,,,,,,,,,,,,,,,,,,
60.55271066666667,53.12821966666666,53.11612366666667,60.31416133333334,60.58129766666665,62.13346033333334,62.124393333333316,65.30631833333332,65.53731599999999,60.61670033333334,58.55637733333333,58.34784366666667,51.43237699999999,51.320121,57.00195333333334,60.18486000000001,60.56502033333333,62.08512933333333,62.12804133333335,65.406318,56.20458733333334,56.15525366666666,53.40659866666666,53.174790333333334,45.826982,,,,,,,,,,,,,,,,,,,,,,,,,,,,,,,,,,,,,,,,,,,,,,,
65.78632933333331,60.56469000000001,60.57212433333333,61.494792000000004,61.67853666666667,65.37780633333333,65.40492100000002,68.58849933333332,68.686654,65.82599933333334,63.869313333333324,63.536417,58.789028,58.832207333333315,58.18837666666666,63.35731266666667,63.764150666666644,65.39135300000001,65.37499033333333,68.64213133333334,61.464627000000014,61.357501666666664,58.60910266666666,58.63904433333331,53.302076,53.326449333333315,,,,,,,,,,,,,,,,,,,,,,,,,,,,,,,,,,,,,,,,,,,,,,
65.86646866666666,60.64982033333334,60.64908466666665,61.61997666666666,61.796851333333315,65.585956,65.503769,68.76497933333333,68.88241966666668,65.92324733333334,63.77026266666665,63.46688066666667,58.930106,58.884654999999995,58.23648366666667,63.51334466666666,63.82946266666666,65.55026533333334,65.56911333333332,68.79998766666667,61.37666933333334,61.28728299999999,58.689891999999986,58.70176433333333,53.42856133333334,53.437553333333334,54.42077666666666,,,,,,,,,,,,,,,,,,,,,,,,,,,,,,,,,,,,,,,,,,,,,
67.577191,62.133236,62.135411999999995,65.549028,65.741743,62.70306099999999,62.70078899999999,67.99357566666664,68.124253,67.66267400000001,65.64558266666666,65.37804099999998,60.319537,60.298961333333345,62.252020333333334,60.695772666666656,61.119549000000006,64.80835466666665,64.83533100000001,68.0435703333333,63.27704600000001,63.09147733333334,60.47000166666666,60.36283333333334,54.86319833333334,54.863369000000006,58.437870666666676,58.55053166666667,,,,,,,,,,,,,,,,,,,,,,,,,,,,,,,,,,,,,,,,,,,,
67.46585233333334,62.13443066666667,62.114238666666665,65.56318266666668,65.75400966666666,62.71671433333334,62.71996766666667,68.04086100000002,68.12874400000001,67.64463666666667,65.62044133333335,65.33614233333334,60.35635833333331,60.32215066666667,62.26805233333334,60.806866,61.121362666666684,64.818211,64.859203,68.06183166666666,63.221547333333326,63.091104000000016,60.44379366666668,60.41709466666666,54.861203666666675,54.865662333333326,58.47011600000002,58.54871833333333,55.45751399999999,,,,,,,,,,,,,,,,,,,,,,,,,,,,,,,,,,,,,,,,,,,
70.93589466666667,65.595364,65.55552399999999,68.92236666666666,69.06601466666666,68.14201333333334,68.16069066666667,66.74589366666667,66.79593133333336,71.03630033333333,68.73799299999999,68.40324033333333,63.83989466666666,63.792534666666654,65.61003066666667,66.34921066666666,66.58153033333335,63.44692366666666,63.46537666666666,68.86568400000002,66.29666633333335,66.21636766666667,63.819265,63.79417733333333,58.297368999999996,58.309699333333334,61.783561000000006,61.87507033333334,60.88012499999999,60.933597,,,,,,,,,,,,,,,,,,,,,,,,,,,,,,,,,,,,,,,,,,
71.017047,65.60897466666668,65.59834000000001,68.965588,69.12960933333333,68.22269600000001,68.216104,66.76522166666666,66.826139,71.060215,68.77270200000001,68.45118733333334,63.842305333333314,63.872961333333336,65.68204166666666,66.33081033333335,66.60093366666668,63.50808633333332,63.539617,68.89663833333331,66.33472499999999,66.23129066666667,63.86123866666667,63.837345333333325,58.37873433333333,58.409859666666684,61.84513966666667,61.921662333333344,60.98721866666667,60.99567700000002,59.59759466666667,,,,,,,,,,,,,,,,,,,,,,,,,,,,,,,,,,,,,,,,,
72.62883599999999,67.19426766666668,67.19817166666667,70.54810766666665,70.78319066666666,69.85579733333333,69.88255966666668,70.45948866666669,70.59167033333333,72.69150299999998,70.62117433333334,70.34864033333332,65.37399833333333,65.34485666666664,67.29723333333334,67.92146866666668,68.204488,67.28278,67.31094,65.82749233333334,68.246632,68.05899466666666,65.479972,65.4655183333333,59.90063533333333,59.91032099999999,63.482699333333315,63.544448999999986,62.620266,62.63774900000001,63.379968666666656,63.42980333333334,,,,,,,,,,,,,,,,,,,,,,,,,,,,,,,,,,,,,,,,
72.64069766666667,67.170737,67.185916,70.558049,70.78005466666669,69.826816,69.87576500000002,70.47030466666666,70.58023566666667,72.690735,70.62675300000001,70.31924333333335,65.39976900000002,65.37375333333334,67.32730266666668,67.99623166666666,68.23454666666667,67.31963333333334,67.34555366666669,65.833039,68.227016,68.10543733333333,65.50908133333333,65.48103866666666,59.92522166666667,59.93317966666665,63.495062,63.56201700000001,62.60639966666667,62.63579666666667,63.38863,63.43968100000001,60.48466799999999,,,,,,,,,,,,,,,,,,,,,,,,,,,,,,,,,,,,,,,
64.20838566666667,61.651464666666676,61.65582766666667,66.54913599999999,66.72808066666666,68.425523,68.39576299999999,71.58297833333334,71.723192,59.549264,61.686878,61.43084566666667,59.993894,59.974641,63.31150966666666,66.55919466666667,66.757382,68.35434400000001,68.42710200000002,71.63629033333335,56.80187866666666,56.652812,59.206329999999994,59.20157299999999,56.52312633333332,56.54171833333335,61.58587533333334,61.72887266666666,63.278901666666656,63.35977666666668,66.63078966666667,66.63433099999999,68.43326699999999,68.46018966666666,,,,,,,,,,,,,,,,,,,,,,,,,,,,,,,,,,,,,,
64.25252466666667,61.56778466666667,61.58087266666666,66.53058666666666,66.71296533333332,68.36993866666667,68.35727766666666,71.42775700000001,71.68185866666668,59.57666699999999,61.90553433333333,61.630089,59.84681133333333,59.82028333333333,63.278005666666665,66.50247999999999,66.75064033333334,68.331507,68.39218966666665,71.59431699999999,56.95618299999998,56.86082266666668,59.20368500000001,59.20385533333334,56.440512666666656,56.41397433333333,61.547731000000006,61.64439266666667,63.228213999999994,63.28109933333333,66.505392,66.617595,68.389555,68.36530966666665,49.767179999999996,,,,,,,,,,,,,,,,,,,,,,,,,,,,,,,,,,,,,
58.66533766666666,57.850936000000004,57.822584333333324,63.00912,63.180854,64.81120266666667,64.82918699999999,67.87932500000001,68.13856766666666,60.84939433333333,56.69147833333332,56.428459333333336,56.10570700000002,56.07765333333334,59.690854,62.825300999999996,63.16013900000001,64.80877100000002,64.836728,68.08033833333333,58.51213199999998,58.37897966666667,53.643623,53.593937666666676,52.713893666666664,52.714363333333345,58.013517666666665,58.06675533333334,59.68768566666667,59.712091000000015,63.066656,63.09946733333333,64.80928266666666,64.81139466666667,50.900515,50.869069666666675,,,,,,,,,,,,,,,,,,,,,,,,,,,,,,,,,,,,
58.618308,57.84517633333334,57.81168266666668,62.98296533333332,63.15403766666666,64.80052533333334,64.83007233333332,67.91413033333333,68.09319166666666,60.634311000000004,56.650891666666645,56.33900866666666,56.11158399999999,56.091680333333336,59.69280566666667,62.96348800000001,63.20473666666666,64.80876,64.83581099999998,68.06177833333332,58.453795999999976,58.34726766666665,53.62224700000001,53.58495633333333,52.67683766666667,52.683984333333335,58.014926,58.09973666666667,59.665392000000004,59.71042733333334,62.91283166666667,63.094240000000006,64.81130966666667,64.81818933333334,50.87039233333333,50.84637099999999,45.20658633333333,,,,,,,,,,,,,,,,,,,,,,,,,,,,,,,,,,,
58.656697666666645,51.57123599999999,51.58080433333334,58.454232999999995,58.69431899999999,60.440785333333345,60.47586833333333,63.557398333333346,63.52337133333333,58.08510199999999,55.935967999999995,55.855466666666665,49.944204333333325,49.549856999999996,55.334516666666666,58.606201666666664,58.67995066666664,60.39473766666666,60.455857333333334,63.480214333333336,55.77252233333333,55.71529566666667,53.68977766666667,53.688242,46.49387366666668,46.51378833333334,53.625958999999995,53.75926066666668,55.24790300000001,55.347124333333326,58.627822666666674,58.656591,60.42065733333333,60.42961766666667,49.14091766666666,49.13371733333333,45.40104,45.45980266666667,,,,,,,,,,,,,,,,,,,,,,,,,,,,,,,,,,
58.645987999999996,51.59362533333334,51.612398666666664,58.63257999999998,58.704879,60.45163333333333,60.491111,63.57853966666667,63.83936133333333,58.73639900000002,55.93221333333334,55.82205833333333,49.937004333333334,49.589142333333335,55.305119,58.61853233333334,58.68278799999999,60.390556,60.45432166666668,63.48399033333334,55.79576499999999,55.699146333333324,53.69520733333334,53.66962866666667,46.49883333333332,46.48817766666667,53.62212966666666,53.77546333333333,55.24039366666666,55.34359366666668,58.780878999999985,58.653283999999985,60.402801666666676,60.435622666666674,49.15724833333334,49.109173666666656,45.43276266666667,45.470479999999995,39.48768666666667,,,,,,,,,,,,,,,,,,,,,,,,,,,,,,,,,
62.66513033333334,56.98318033333335,56.96046033333334,58.439950333333336,58.76215899999999,62.443284666666685,62.401289333333324,65.72154033333334,65.85315633333335,62.75381333333335,61.43993366666665,61.16341066666668,55.29565733333333,54.925929333333336,55.19000400000001,60.73449233333334,60.91899433333333,62.45785533333333,62.41439900000001,65.29641966666668,61.12569333333334,61.048498333333335,57.65139466666666,57.58702100000001,51.82146566666667,51.851684666666664,53.777746,53.70155366666666,57.286498000000016,57.310338333333334,60.756188666666674,60.84869,62.46024466666667,62.413972333333334,53.04549966666667,52.84697133333333,49.19653366666667,49.18405366666667,44.852250000000005,44.86622333333333,,,,,,,,,,,,,,,,,,,,,,,,,,,,,,,,
62.60430866666667,56.944919,56.93221466666666,58.115534,58.70069766666668,62.39547633333333,62.35456966666667,65.69528933333332,65.77610033333332,62.678132666666656,61.40580033333332,61.117298666666684,55.24091633333333,54.833267666666664,55.13652133333334,60.66630033333333,60.90641833333333,62.41407933333333,62.339806999999986,65.26313966666667,61.080509000000006,61.01370366666667,57.60121866666667,57.55236499999999,51.80339633333333,51.81498033333334,53.693714,53.640956333333335,57.22765,57.261719333333325,60.70774066666666,60.84467933333333,62.42610066666667,62.38768966666668,52.98306766666666,52.825061999999996,49.162016333333334,49.118218999999996,44.810095000000004,44.80874033333333,44.183672666666666,,,,,,,,,,,,,,,,,,,,,,,,,,,,,,,
64.93809399999998,59.910864666666654,59.846106999999996,63.05141333333333,63.29748333333333,60.32076399999999,60.334886666666655,65.59631333333333,65.81887366666666,65.012686,62.87340800000002,62.70813800000001,58.13960900000001,57.80459999999999,59.711333666666654,58.41702799999999,58.52396133333333,62.35092166666666,62.38094833333335,65.387321,62.69225533333333,62.55702366666666,59.93074733333332,59.89681666666666,54.683048666666664,54.65584866666666,58.17837133333333,58.214830333333325,55.02031833333333,55.046644,60.608113999999986,60.61580433333334,62.375412333333344,62.409556666666674,55.448234,55.261246666666665,51.665113666666656,51.654019666666656,47.578312666666676,47.598355,49.06764833333334,48.98314666666666,,,,,,,,,,,,,,,,,,,,,,,,,,,,,,
65.39301700000003,60.316571999999994,60.33379866666666,63.545185,63.75742000000001,60.71511133333333,60.69274300000001,65.90008999999999,66.17089566666667,65.46140133333333,62.859029,62.70403166666667,58.66999866666668,58.25413700000001,60.25756399999998,58.87229233333332,59.035706000000005,62.715754333333344,62.81351466666667,65.82762033333333,62.741333000000004,62.650133,60.344252000000004,60.361564,55.148372333333356,55.19869733333334,58.67171633333334,58.68532666666666,55.56597266666666,55.54867133333333,61.09132533333332,61.05557033333334,62.882634666666675,62.83885866666666,55.838005,55.788948999999995,52.154575333333334,52.04534866666667,48.15229733333334,48.171134666666674,49.69504133333333,49.59527533333333,47.910558333333334,,,,,,,,,,,,,,,,,,,,,,,,,,,,,
67.747645,62.03998766666666,62.04175866666666,65.71455333333334,65.89946066666666,64.894723,64.91018966666668,63.50056633333331,63.61121166666666,67.758322,66.35579200000001,66.11425533333335,60.347388333333356,59.99441666666666,62.33590333333335,63.175349666666676,63.327466999999984,60.25153733333332,60.18264100000002,65.212217,66.08662899999999,65.979354,62.664479333333354,62.63039966666666,56.94785200000001,56.92282833333332,60.91045033333333,60.86649266666667,59.75550433333333,59.75254966666666,58.51581199999999,58.605795999999984,62.38107633333333,62.34929,58.02162433333335,57.902243000000006,54.252039999999994,54.21649866666666,49.88730833333333,49.92180433333333,51.446702333333334,51.37436066666667,51.80160433333334,52.25438366666667,,,,,,,,,,,,,,,,,,,,,,,,,,,,
67.82771933333335,62.05284166666667,62.04793433333332,65.72655333333333,65.879578,64.85027466666668,64.90540033333332,63.53913666666667,63.64376666666664,67.80934066666667,66.446864,66.15516233333334,60.379601666666666,59.98935,62.349524333333335,63.18038433333335,63.217451000000004,60.26843333333333,60.21120633333332,65.22662766666667,66.15933266666667,66.03510866666669,62.692170333333316,62.648746,56.92406566666666,56.921676000000005,60.92339933333333,60.89550633333335,59.76408033333333,59.77006466666667,58.50967833333333,58.598340333333326,62.394825666666684,62.358378,58.070445666666664,57.90234966666668,54.270109333333345,54.222259,49.897431000000005,49.91526533333332,51.456110333333335,51.41264366666667,51.80375900000001,52.249061,49.268267,,,,,,,,,,,,,,,,,,,,,,,,,,,
70.639073,65.89603666666666,65.89986566666668,68.87712900000001,69.18486266666667,68.13369333333334,68.15297866666668,68.65886766666668,68.90499033333332,70.68812933333335,68.031453,67.83986900000001,64.163735,63.917441666666676,65.49932133333333,66.21781833333331,66.67130166666666,65.38494233333334,65.55004133333333,63.88100433333333,67.84875400000001,67.69367133333334,65.63846833333334,65.32838766666667,60.753436666666666,60.750098,63.907884,63.845356,62.977066666666666,62.98410666666667,63.82654,63.81491333333334,60.83843966666666,60.82747399999999,61.089543666666664,61.035015999999985,57.336194000000006,57.31012466666668,53.74821000000001,53.761980666666666,55.269918999999994,55.22472433333333,55.668031,56.09829366666665,55.21654299999998,55.24039333333333,,,,,,,,,,,,,,,,,,,,,,,,,,
70.62972933333333,65.87221766666667,65.88076199999999,68.85416366666668,68.958836,68.12502133333334,68.13122899999999,68.65547566666667,68.90755033333332,70.704193,68.02841333333332,67.80446599999999,64.17619366666666,64.07925499999999,65.52197733333334,66.25707166666666,66.37039466666668,65.415417,65.59163066666665,63.91249200000001,67.84623699999999,67.692263,65.63282533333333,65.12858966666666,60.75272199999999,60.75790600000001,63.91025233333335,63.862700000000004,62.99417600000002,63.00642166666667,63.79399600000001,63.77521199999999,60.87075933333333,60.866621,61.10571433333332,61.056818666666686,57.33543666666666,57.30811933333333,53.715996666666676,53.75920733333333,55.26743366666668,55.204041333333336,55.65491166666668,56.121899,55.18327333333333,55.22795633333335,54.03128233333334,,,,,,,,,,,,,,,,,,,,,,,,,
68.62040333333333,65.23465966666667,65.21014733333335,70.65823066666668,70.626497,72.26792900000001,72.22255266666667,75.79156099999997,75.76154500000001,64.00566566666667,65.95594033333333,65.777359,63.946284333333324,63.971895,67.13328633333333,70.716236,70.638465,72.24089933333333,72.25318766666669,75.79503833333334,61.071912,61.00622633333332,63.65408099999999,63.475019666666654,60.120400999999994,60.16928633333333,65.51346533333333,65.50997733333334,67.24568133333334,67.25619866666665,70.63757966666668,70.65531866666666,72.24663799999999,72.28038766666668,55.40965266666667,55.69439933333334,56.97509500000001,57.02500433333331,53.96537300000001,53.96017833333333,59.675899,59.602928333333345,61.024061,60.960221,64.63961866666666,64.66195466666667,66.07166333333336,66.04004766666668,,,,,,,,,,,,,,,,,,,,,,,,
65.00466433333332,63.671232999999994,63.67083833333334,68.64496866666667,68.68967300000001,70.53239566666666,70.51571266666666,73.741179,73.74649133333335,67.17953700000001,61.63860066666668,61.71263833333333,62.25766300000001,62.243433666666675,65.43916099999997,68.64461666666666,68.68316633333336,70.520961,70.55613966666668,73.77707233333332,63.864311000000015,63.81742,60.066022,59.937819333333316,58.55834,58.612121333333334,63.57736633333334,63.59271566666668,65.47831866666667,65.44888933333333,68.75276600000001,68.82630233333333,70.63907333333333,70.62471566666669,58.43716666666667,58.503822333333325,53.16968100000002,53.08521166666667,52.668453666666665,52.67952566666666,57.882840333333334,57.82806699999998,59.55786133333333,59.59693366666665,62.828405,62.85229833333334,64.71642933333335,64.71700533333333,58.37119266666666,,,,,,,,,,,,,,,,,,,,,,,
65.07052066666665,63.685697,63.682284,68.65045133333334,68.69400366666666,70.54168633333333,70.53164866666667,73.78955233333335,73.75716866666667,67.26616133333333,61.744958000000004,61.762312666666666,62.26302833333335,62.26504433333334,65.41308099999999,68.66200333333333,68.68330466666666,70.51912600000001,70.55730233333333,73.75784066666665,63.930070666666666,63.90027866666667,60.12457166666667,60.001617,58.556366666666676,58.59302800000001,63.58397966666667,63.573761,65.45726233333335,65.44900666666666,68.60346466666667,68.63862199999998,70.54316866666667,70.54129133333332,58.45154533333333,58.52106,53.138577000000005,53.10547799999999,52.69946199999999,52.645627,57.91953366666666,57.88835500000001,59.58576566666668,59.62028299999999,62.899381333333345,62.88611166666668,64.68975200000001,64.69095733333333,58.377785,54.688190000000006,,,,,,,,,,,,,,,,,,,,,,
63.26174999999999,55.66293266666666,55.67317299999999,63.033429666666656,63.23661899999999,64.833443,64.84346966666665,68.043357,67.87623166666665,63.32361666666667,61.537406,61.291069666666665,53.966077,53.844551333333335,59.65369100000001,63.026453333333336,63.197632666666664,64.80549633333334,64.81018933333334,68.10249333333333,61.240456,61.20125566666668,58.225678333333335,58.01042433333333,50.529996999999995,50.54947433333332,58.15578999999999,58.141443333333335,59.66544566666667,59.661274999999996,63.116875000000014,63.154645333333335,64.82426933333333,64.82380033333332,55.736436999999995,55.65074099999999,52.006458,51.99283633333334,45.62370700000001,45.650395,51.035267000000005,50.98531499999999,53.97457833333333,54.39242433333334,56.072181666666665,56.12105600000002,59.62564833333334,59.616080333333336,55.02411600000001,53.380881333333335,53.44017733333333,,,,,,,,,,,,,,,,,,,,,
63.255926,55.677450333333326,55.68297533333333,62.93259766666667,63.231755,64.796387,64.80895199999999,67.97608233333334,67.88248233333334,63.328694,61.551624666666676,61.303816000000005,53.68135133333334,53.877586,59.659632333333334,63.053547,63.22373399999999,64.78152800000001,64.80367233333334,67.697266,61.28310133333335,61.224765333333345,58.25308099999998,58.04503766666667,50.561058666666675,50.55414666666666,58.070179333333336,58.13741133333334,59.658906666666674,59.65867233333333,63.122688000000004,63.14603766666667,64.79967199999999,64.79958699999999,55.75697033333333,55.63608466666667,51.978522,51.98523133333334,45.64372833333334,45.66661899999999,51.032717999999996,50.972995000000004,53.986717,54.418578999999994,56.05742966666665,56.10777633333333,59.621306999999995,59.59968566666668,55.01231833333334,53.377991,53.39847066666667,44.99729533333334,,,,,,,,,,,,,,,,,,,,
67.567591,63.48052366666668,63.45872066666666,64.304002,64.49771966666665,68.33547466666667,68.41510166666667,71.39583166666667,71.592877,68.34743200000001,65.527513,65.31739000000002,61.80807266666667,61.77279833333333,61.14608799999999,66.40010133333334,66.66907233333333,68.30775233333335,68.38636566666668,71.490381,65.33511833333336,65.15056333333331,63.29029400000001,62.85838899999999,58.358414333333336,58.37644099999999,59.344794666666665,59.455877000000015,63.25387766666665,63.28128066666665,66.46541333333334,66.51898133333333,68.332019,68.36571466666668,60.71020466666666,60.728337999999994,57.22035399999999,57.193506000000006,53.170928999999994,53.186513000000005,53.23819333333334,53.16969166666667,57.819640333333346,58.15999266666668,60.351324,60.43483333333334,63.41932866666666,63.41091266666666,59.216101,57.744333333333316,57.71946966666666,52.904027666666664,52.973190333333335,,,,,,,,,,,,,,,,,,,
68.27874933333334,63.45500866666668,63.43519000000001,64.27583133333333,64.48456766666668,68.324467,68.38549066666667,71.41535100000002,71.571789,68.357331,65.54603066666665,65.31384899999999,61.818633,61.801011666666675,61.16632266666666,66.39938666666667,66.70726966666666,68.30254699999999,68.38217366666666,71.49573566666666,65.33901166666665,65.10857933333331,63.258133666666666,62.84493866666668,58.32930466666666,58.32973166666667,59.33107733333334,59.49141866666666,63.280619333333334,63.29491266666667,66.41694399999999,66.51907733333333,68.33577366666667,68.35564566666666,60.71075933333335,60.71659400000001,57.24247666666666,57.22962333333334,53.046790333333334,53.07768099999999,53.287174666666665,53.21095033333333,57.795384333333324,58.133614,60.35195333333332,60.429393333333344,63.35656566666668,63.32806466666668,59.26828233333334,57.77237633333333,57.757848,52.88987266666667,52.98889166666666,53.81943166666667,,,,,,,,,,,,,,,,,,
70.58823566666666,64.861763,64.839651,68.46059500000001,68.63096366666666,65.52892133333333,65.48349166666668,70.58318,71.02663633333333,70.66433166666667,68.87310766666667,68.51179499999999,63.13893366666668,63.05977633333332,65.05541666666667,63.778656999999995,63.955915999999995,67.64615133333332,67.626951,70.98371366666667,68.47181633333332,68.404851,65.54384400000002,65.49128933333333,59.68476300000001,59.70827266666668,63.469302,63.539969000000006,60.37299866666668,60.37489766666668,65.76698,66.02580733333335,67.69507933333334,67.66020966666667,62.86759466666666,62.75297033333334,59.15992966666667,59.15456500000001,54.67318199999999,54.709395666666666,56.44268866666667,56.390560666666666,54.579379333333335,54.988307999999996,58.88963633333334,58.95612199999999,62.311348666666674,62.33882566666666,62.568212666666675,60.73943133333333,60.76074333333335,54.16350666666667,54.16971466666666,57.986499,58.025262000000005,,,,,,,,,,,,,,,,,
70.49667266666665,64.78494133333334,64.75924533333333,68.39778966666667,68.57766199999999,65.45711299999999,65.44017466666668,70.58615566666667,70.93635366666668,70.567041,68.77704366666666,68.53643533333334,63.04345600000002,62.97506133333332,65.00690466666668,63.68083333333333,63.87614,67.59810833333333,67.58465799999999,70.89809233333334,68.50583233333332,68.36410433333334,65.417188,65.34291566666667,59.64650166666665,59.65835233333334,63.435765999999994,63.49539300000001,60.31748933333333,60.32245999999999,65.67645233333333,65.92479366666666,67.60856166666666,67.582023,62.78301833333331,62.65497533333335,59.06217033333332,59.074234,54.680872666666666,54.70088333333333,56.421345,56.36376566666667,54.53178466666666,54.94332633333334,58.85993,58.92279900000001,62.27551900000001,62.28213266666667,62.401769666666674,60.55721233333334,60.60421000000001,54.13562399999999,54.16796533333332,57.967533666666654,58.021646000000004,54.95528366666668,,,,,,,,,,,,,,,,
73.35289066666667,68.38252566666667,68.37064266666667,71.497517,71.732728,70.866679,70.92771333333334,69.25309733333333,69.43431399999999,73.44629866666668,70.64701966666667,70.373281,66.642779,66.61278399999999,68.37649900000001,68.92463833333333,69.23454833333334,66.18477300000002,66.25091733333332,71.475949,70.45737666666665,70.24253899999998,68.26468033333332,67.98633300000002,63.267893666666666,63.27616066666667,66.592411,66.67188833333334,65.80940166666666,65.82452699999999,64.276162,64.44370366666668,68.33803500000002,68.37238166666667,65.80597766666666,65.828826,62.34953500000002,62.35175366666667,58.110371333333326,58.09336866666667,60.22305733333333,60.173990333333336,60.22128666666665,60.51537766666667,57.98350166666668,58.04438733333334,63.194667000000024,63.19989366666668,64.29136199999999,62.93796266666666,62.79136,57.80689333333334,57.86463233333333,61.06308000000001,61.01192233333334,60.60922300000001,60.42255633333334,,,,,,,,,,,,,,,
73.35653866666668,68.34481899999999,68.327187,71.485133,71.70020533333333,70.846551,70.88287066666666,69.24435133333331,69.41276700000002,73.43090666666667,70.56799066666666,70.39563799999999,66.61225066666667,66.59514166666668,68.33830166666665,68.88606766666665,69.21469766666667,66.13572766666668,66.20583966666669,71.44669033333334,70.383734,70.17298166666667,68.23479199999998,67.947645,63.217237999999995,63.229568333333326,66.54291766666665,66.61257066666667,65.76117766666667,65.79762600000002,64.35304733333334,64.38905833333332,68.29229633333334,68.283944,65.753551,65.78912433333333,62.28826566666667,62.28619633333332,58.04005633333334,58.04385399999999,60.15210233333334,60.05696633333334,60.15506766666667,60.462780333333335,57.89892566666667,57.954819,63.17270466666665,63.166336333333334,64.24470600000001,62.89466666666667,62.803349000000004,57.75465899999999,57.79933066666667,61.00669566666666,60.98437033333333,60.553180333333316,60.380465666666666,58.861849666666664,,,,,,,,,,,,,,
75.60177966666667,69.90646400000001,69.89181866666668,73.52089066666667,73.68459233333333,72.70854833333334,72.71659100000001,73.42153066666664,73.52105066666667,75.69361933333333,73.89361666666667,73.57908833333335,68.204296,68.15137866666667,70.137259,70.71774,71.12663666666667,70.16875766666668,70.15594699999998,68.788841,73.5545123333333,73.44706666666666,70.55869933333334,70.49383533333332,64.79977900000002,64.79438133333333,68.53466433333335,68.58880866666667,67.61181533333333,67.59152700000001,68.42428600000001,68.464691,65.49466,65.47737999999998,67.92486066666669,67.794866,64.18675400000001,64.19311133333333,59.83990966666666,59.852155333333336,61.515549666666665,61.44779499999999,61.80368899999999,62.19190299999998,61.42218433333334,61.47698966666668,60.195718666666664,60.18306766666666,67.53992166666667,65.7279186666667,65.72227599999997,59.273391666666676,59.282501333333336,63.11736566666665,63.111594999999994,62.227316,62.12218566666667,63.14166433333333,63.11472033333333,,,,,,,,,,,,,
72.13435,68.83471833333333,68.826526,74.10503033333335,74.02108366666666,75.83519833333334,75.83880333333333,79.25081966666666,79.137262,67.44894566666667,68.78043566666666,68.80473433333334,67.46959633333334,67.43655066666668,70.796855,74.14195833333333,74.01024633333334,75.83331033333334,75.876937,79.24424900000001,64.15412433333334,64.122882,67.11009700000001,67.03437433333333,63.738454666666684,63.777889333333356,68.89962533333333,68.90885166666666,70.80275333333331,70.79829466666666,74.07622,74.02649133333333,75.854089,75.83385433333333,58.82111366666667,59.06161533333332,60.576433666666674,60.57028966666669,57.80687233333334,57.795266999999996,63.09794133333334,63.01234166666668,64.72074933333333,64.72805600000001,68.04536266666668,68.07888766666666,69.89300300000002,69.90604800000001,60.98927699999998,63.85696133333334,63.84799066666667,60.627260666666686,60.75136733333333,64.85651500000002,64.86560300000001,68.16367733333334,67.82868999999998,70.00288,69.98867200000001,72.950746,,,,,,,,,,,,
66.44595733333334,65.17028599999999,65.169966,70.60450266666668,70.55645966666665,72.21765700000002,72.23444633333332,75.70474466666667,75.704105,68.47215766666665,63.45040066666668,63.30226166666667,63.899532,63.92587900000001,67.211921,70.62432100000001,70.57075300000001,72.18478233333335,72.19590733333334,75.74591833333334,65.52084666666666,65.43055333333332,61.417075000000004,61.31018400000001,60.06213966666666,60.089969,65.47880933333334,65.45272933333334,67.23574,67.23818233333334,70.60275333333334,70.60324366666667,72.21334766666665,72.21489399999999,60.010289,60.33293466666666,54.84504366666667,54.83301166666667,53.89423699999999,53.898119666666666,59.62390966666665,59.548058666666655,60.980552,60.93691433333332,64.55128766666667,64.61496799999999,66.02906066666667,66.00298066666666,61.99781199999999,58.36915533333332,58.38965700000001,57.15183133333332,57.14206033333335,61.207688333333344,61.21727733333336,64.64707466666667,64.50591166666668,66.33648533333331,66.33788266666666,69.59928466666668,60.94499966666666,,,,,,,,,,,
66.46220266666666,65.19725166666667,65.17384866666667,70.63056133333335,70.58223033333333,72.17091533333334,72.23191799999998,75.743977,75.72196066666667,68.46325133333335,63.60568633333334,63.48152600000001,63.91713233333334,63.94224133333334,67.22879566666666,70.68985699999999,70.61781433333334,72.19646199999998,72.210585,75.76645166666667,65.62791866666667,65.51029733333333,61.44716566666667,61.448008666666645,60.05052333333332,60.10718533333333,65.52380133333334,65.502948,67.25740400000001,67.245969,70.62170799999998,70.62485433333335,72.22493166666668,72.22572100000001,60.03040633333334,60.35527100000001,54.86349700000001,54.84656933333333,53.898919666666664,53.90136233333333,59.63994166666669,59.56041066666667,60.99410933333334,60.96303666666667,64.577453,64.62689333333334,66.05181266666665,66.03201566666668,62.10260133333335,58.406350333333336,58.41121466666666,57.21378300000001,57.18246600000001,61.24354966666666,61.272680000000015,64.66641333333332,64.51393299999998,66.40145566666666,66.381872,69.62582366666666,60.928391666666684,55.34330566666666,,,,,,,,,,
66.53442700000001,59.56923200000002,59.56666166666667,66.486107,66.79886466666667,68.29653066666665,68.36567233333335,71.478616,71.73108533333334,66.27630366666666,63.89214033333334,63.743542666666656,57.878498999999984,57.774082666666665,63.248576666666665,66.452208,66.54341866666667,68.23851466666667,68.37184833333333,71.53015699999999,63.71778233333333,63.60239066666668,61.50560833333334,61.55275533333334,54.45122966666666,54.454728333333335,61.555091333333316,61.58900066666668,63.23606433333333,63.25555266666666,66.62822966666668,66.61521633333335,68.293875,68.27497333333334,59.26447433333335,59.20718366666665,55.42707133333333,55.44838333333335,49.570230333333335,49.57234233333333,54.931924,54.88134233333333,57.907811,58.32459033333334,59.95203833333332,59.990491666666664,63.524363333333326,63.558923666666644,59.30455933333332,58.06396066666666,58.060056666666654,51.032611,51.05112866666668,58.27378499999999,58.217582,60.16330266666665,60.08415533333333,63.38838500000001,63.372192666666656,65.18876066666667,58.57656933333332,54.674845999999995,54.64607766666666,,,,,,,,,
66.18902899999999,59.56309866666666,59.562725666666665,66.53645366666666,66.70940300000001,68.27382166666669,68.33881333333333,71.45988500000001,71.77937333333334,66.62056033333334,63.902913666666656,63.756299999999996,57.87940566666667,57.759373333333336,63.24732866666669,66.55275199999998,66.544731,68.25105866666668,68.378195,71.54006633333331,63.73527599999999,63.61376099999999,61.45880333333333,61.55914433333334,54.44374166666667,54.45461133333333,61.53842966666667,61.662942333333326,63.22436300000001,63.243157666666654,66.671526,66.616731,68.31764,68.27567733333333,59.24900766666666,59.17949299999999,55.44671933333335,55.42626066666668,49.567840999999994,49.57460366666667,54.939657000000004,54.889481333333336,57.90552833333335,58.32268066666668,59.984518,60.03595266666666,63.52193166666665,63.565921,59.283951666666674,58.04408866666666,58.02820566666668,51.029858999999995,51.041304666666676,58.26763033333334,58.209773999999996,60.14980933333332,60.07722233333335,63.39003833333334,63.37236333333334,65.20699,58.540718666666656,54.65451533333333,54.61350200000001,50.22260466666667,,,,,,,,
70.50678500000001,64.81558700000001,64.77712266666666,66.29417066666666,66.4668,70.17924333333335,70.15916833333333,73.436464,73.50642666666668,70.60391566666667,68.79582766666668,68.49838733333333,63.06852266666666,63.01058166666667,62.88429833333333,68.384179,68.60162999999999,70.154251,70.14010700000001,73.48593600000001,68.48569333333333,68.40197100000002,65.43712366666668,65.449113,59.665755000000004,59.67999499999999,61.30630166666667,61.39030166666667,65.031694,65.007779,68.43335233333333,68.52208833333333,70.17571233333332,70.14256033333334,62.79377033333334,62.67446366666666,59.07527966666666,59.08089000000001,54.63814200000001,54.673054,54.28644,54.22786933333334,59.212485,59.60212833333331,61.47156066666666,61.489576333333325,64.82501633333334,64.81489366666666,64.601944,62.76643166666668,62.805397,56.27235266666666,56.28135500000001,57.95698466666667,58.01310166666667,61.769214333333316,61.66882999999999,65.212153,65.19860600000001,66.82073133333333,63.32006466666666,59.92338733333334,59.90091266666666,55.32904466666668,55.340158999999986,,,,,,,
70.51173433333332,64.78897333333333,64.78231766666667,66.33290133333334,66.48489066666666,70.188438,70.157387,73.47253866666668,73.56544566666668,70.61443299999999,68.836585,68.49543233333335,63.12217633333335,63.04362666666667,62.910090666666655,68.43746966666669,68.59119766666667,70.17342966666666,70.167883,73.52242699999998,68.41962433333333,68.37030166666665,65.48383333333334,65.48469733333332,59.67027766666665,59.675760333333336,61.312339,61.396147000000006,65.037006,65.01544833333334,68.45833400000001,68.55718200000001,70.21865633333336,70.15961633333333,62.846047999999996,62.71419666666666,59.09963166666667,59.10160466666667,54.653278,54.69081399999999,54.26682433333333,54.20572533333332,59.222724999999976,59.58568,61.415251000000005,61.454344333333346,64.83840299999999,64.82842933333335,64.62198699999999,62.820308999999995,62.85842133333334,56.28098166666667,56.26913133333332,57.99005100000001,58.02997666666666,61.79053699999999,61.70126733333332,65.28913433333334,65.18886766666664,66.85807499999999,63.36367,59.902086000000004,59.928112666666664,55.37553000000001,55.37560433333335,54.925704999999994,,,,,,
72.85087366666667,68.38132033333333,68.37209366666667,71.514445,71.71201333333333,68.75382233333333,68.80208866666665,73.96017666666665,74.11353166666667,73.45326433333334,70.62186766666666,70.47082766666666,66.645115,66.61592033333334,68.369395,66.82155266666669,67.202076,70.848556,70.93774,74.00532899999999,70.44431,70.16024533333334,68.26869066666667,68.38616299999998,63.24828866666667,63.25377099999999,66.56224533333334,66.69327533333333,63.67211833333334,63.68431066666667,69.01572133333333,69.06826533333333,70.88767066666666,70.88995333333334,65.821903,65.82029233333333,62.349855,62.34109800000001,58.10853666666669,58.08157100000002,60.20557466666668,60.140945000000016,58.102787333333325,58.41539600000002,62.700362333333345,62.73217033333333,65.74166833333332,65.72901766666668,66.41961066666667,65.01581133333335,65.01196033333335,59.991611666666685,59.995845999999986,63.179253666666675,63.13953133333335,60.60350566666668,60.57050299999999,65.710223,65.72112433333334,67.84501033333333,65.37264366666665,61.54522466666667,61.717491333333335,58.743460333333324,58.738862999999995,60.579260333333345,60.58380433333334,,,,,
73.36577566666666,68.36390166666665,68.39127233333335,71.50784233333331,71.72332,68.77768366666668,68.79827033333332,73.974406,74.12672633333334,73.47138933333333,70.67103733333333,70.536958,66.68871466666666,66.64916466666666,68.39026266666666,66.85375066666666,67.21903966666665,70.848642,70.930243,74.01880866666666,70.478056,70.28835633333334,68.26917333333334,67.99027399999999,63.27729533333333,63.292847,66.57998699999999,66.669606,63.67503499999999,63.705177666666664,69.02616833333333,69.07203333333334,70.897187,70.892295,65.80867199999999,65.81027233333334,62.389537,62.37629000000001,58.078967999999996,58.052920666666665,60.27307933333332,60.185829,58.102881666666676,58.382170000000016,62.765637999999996,62.79228233333334,65.73498666666666,65.71718433333332,66.36009733333333,64.93826066666666,64.94325233333333,60.01851433333332,60.027612666666656,63.18410233333332,63.149717333333335,60.653194333333325,60.60862033333332,65.70584333333332,65.68476666666666,67.86740566666667,65.35280366666666,61.54769566666667,61.710303333333336,58.74982866666665,58.74629966666667,60.60438233333333,60.56023466666668,58.933004333333336,,,,
75.320703,69.84205366666666,69.83777900000001,73.38860266666664,73.60471266666667,72.63567933333336,72.62488800000001,71.03557733333332,71.28020933333332,75.50404499999999,73.68656066666668,73.42150633333334,68.09327066666668,68.02259600000001,70.05961500000001,70.80274833333333,71.032578,67.93395166666666,67.95882566666667,73.32581266666666,73.34336166666667,73.23399066666666,70.331134,70.24071566666667,64.73468233333332,64.70351966666666,68.44562266666667,68.492992,67.50713666666668,67.49069000000001,65.998115,66.26109233333334,70.07990766666666,70.07150333333334,67.80149966666667,67.682147,64.09223033333333,64.10069933333335,59.79032633333333,59.784758666666676,61.416301999999995,61.343387000000014,61.726040999999995,62.16144,59.241783,59.235609000000004,64.81890133333333,64.81854933333335,69.39030066666666,67.68073733333333,67.630106,61.336599666666665,61.36836433333334,65.15728299999999,65.189304,64.22684033333334,64.15564633333335,63.044685333333355,62.97855433333333,66.72025399999998,68.12210633333333,64.689157,64.70227700000002,60.434471666666674,60.42944833333335,62.05552766666666,61.99190566666668,63.04819100000002,63.05344966666667,,,
75.57573266666665,69.88568200000002,69.883211,73.493897,73.66216866666667,72.68434533333333,72.68028233333335,71.26420433333331,71.36744366666667,75.63351033333332,73.88050233333335,73.59059466666665,68.19120066666666,68.11433900000002,70.09161766666666,70.920817,71.10862333333336,68.00844833333332,68.010784,73.44402366666668,73.52605933333334,73.38501133333332,70.48844533333333,70.42863899999999,64.77264366666667,64.74907266666665,68.50784166666668,68.56581366666667,67.56247599999999,67.534903,66.07966799999998,66.35929766666666,70.14808000000001,70.11689199999998,67.89907699999999,67.775073,64.14880333333333,64.15975766666666,59.81341433333333,59.80369700000001,61.478086666666655,61.39771766666666,61.739435000000014,62.09659666666666,59.27674166666665,59.28902933333333,64.81633033333331,64.81637266666667,69.63733566666666,67.86764566666668,67.79760933333336,61.375432,61.37528333333333,65.19381466666667,65.20819366666666,64.31735266666668,64.22562500000001,63.101897,63.02951533333333,66.77985766666666,68.319797,64.93319,64.93192133333332,60.44092033333333,60.44198700000002,62.10776766666666,62.076815,63.10514666666667,63.13307133333332,59.858244333333325,,
78.50282433333332,73.680262,73.64856466666667,76.67928266666668,76.82541133333332,76.03684966666667,76.02531366666665,76.60322500000001,76.70468333333335,78.59288900000001,75.81569066666667,75.60913899999998,71.95095266666667,71.93077233333335,73.51256733333334,74.10743166666666,74.37958333333334,73.428499,73.50101933333335,71.94463466666667,75.59488733333333,75.38541133333331,73.39365633333333,73.12840733333334,68.51807233333334,68.57261966666668,71.71752166666666,71.85299433333333,70.996288,70.961294,71.58100733333333,71.65567133333333,68.77435666666666,68.80604866666667,70.969052,70.97099399999998,67.522389,67.51359000000001,63.385554333333324,63.41710533333333,65.47868166666665,65.36637599999999,65.50793966666669,65.840892,65.38241133333334,65.415882,63.698347666666656,63.698006000000014,71.58445666666665,70.05126933333334,70.09795566666666,65.21102833333333,65.20227166666666,68.30840566666666,68.29697133333333,67.94215599999998,67.88079299999998,68.28184633333332,68.25953666666668,65.74555766666666,70.51668099999999,66.88855033333333,66.81848366666667,64.04346,63.999120000000005,65.75786966666666,65.63500466666665,66.19409100000001,66.17352933333335,65.68241966666669,65.78441166666666,
